1 N 1> 511

4777677777'7777 795, S
569 85151115 1159155956
,7511111551 5555111 51155 595
, 8151155 127
7¹ Γ , ,179 8555515511 511115 1551115

5304 409

’ 1 “ 1 , ..51551155115 8 555155 667777777277777
1 v 7515 51181171 1795171116
1155551555 919 ..155551 50
7 8515517159 151, 919 8511755515 , 955
477777777077777 6681519519 5151 J777777327306

1155757115 760 764 y
15155571 11115 774 85115 111511 961 784
1155 1557555711 774 S7lU 151 77777777'77777 789
85155 ,, 612577ll77i77777 76783
8115555511. , 195851555511115 587
11511551 151151 , 659 851 5551551115 1511 1511551

8551115551 7561550 587588
2742 5695196 747 S777x0 1551151111 fh 985, ’
197. 55199 999959 95905. 8151115515 , 5877
¹ , 95998 855551555151155 965

88,

Ι8551115555

Ru ›E77s77 1658151556 [5155715151197
815555595577515 9598 8515559511 655.
11755. ,70981155555557515751551155
8575155155 511511 555951, 5155155 55511511 11511558
-111155, 5991 188 ·
81115 ” 476 477 8151555515 1117555515
P7777777775777'7 987 596 ¹
1751115551155115 509 S7 5551155551 263
8111515

 

