Im N' θ”ἓ ’ Χ.ἷ 
3333833383 73 03333· [333 ,899
0333333333 33333 85 038333,[ 338 894
03 333 333 s 8 6666 fo· 0333 3333333338 69
.· 6666· ’ ’ 86 0333333 [[333333333339
3333333833333383 88 639 .
0833333333 88 0338338338 6366'd6 3333·
0338318338333 99 383333 3 3333 49
0888630333 merida 99 0333[ 56 666656666665076÷
08333 8383388333 99 3 666 3833333333 [33 96
08333383 33333833 93 0333833383 333 479
08 afim 33903383 ,. 553
., 0888 3333333 [[[338333 38 0333 3338383383 458
’.6333333333333333 399 033 3343833 333 493.
0833833333 ’33 379 0338333)ιί 338833 893
03330 lsae6 38833379 03333 3333338333 ’33333309
.0.ῑ833’333333· 49, 333 3833 8333333333 462,
0833831333 q 3440333333 3333383333833333339
0833333333 349 463 ,
083333 337 0333333333 4799369
0333838333, 744 0333383338 333 v 386
0333833333 33 69. 70 03383 333383 mdc 3333333,
0333833388 751 33333338 384
033388 6 Α[3[3’ 9333333· 0338333· 336
³ 2'65 „ 06586576 ..333398 482.
0333333 3383333333 462 ’ 99449.. ⁴

038333833- conchula [8- 0338 a
383349 3333833833- Oscordiscemini 2³*
33 ⁴ 241 Offlfi 3334333333 6·
0338373839 · 974 0833339838 394
03333333- 451 03833333 238
03338333 ι ’ 447 0[338383833 765
6564 0383

 

