Γ N 0111
1114 04444444 04 4444444444444145144414
1144444444 , 777 ,14584144 447
814411441144-15144 6p7g'7 4414414 807
9444414 ῑ· 1174414ιέ44 765 4145
14544441444444444 7 4414444144 44 587
1114444144 129 4444444144 ινιι’51μ 700
11144444444444444444 4414, 777 557,
,,·;,44’44·, 558555 4415444444 523ss
’1)14444444544444 545 4415544144 700,
,1114444444 ” 454445544444444 455585
7'777777'77'7 2744544441144414111
4444444441444444414744 444 77'7 ,
144444 49495 4414444444 ⁴
41141444 4444441144 Dio· 4415444 444 ,
[4444411 ·, 5471414444 ’41444444 4458
*111414411514414414148 [444 4444441447 6
44414441114451444144114154441444 736ss
77 · 4511415444· , ,454
4145444446 4444441141544141444 698
249. 5644514458 144444514441444444 4444
'4517 ’ς;,5-58, ’.5.56. 444441441458444 404
57927701 ’ 1444444444444 444444· 200
414445 44444444144444414 11444445 777 444144 144414 4414
23 . 5544444 444141ρ 444414. 00.
7414141444 54614444444444 93
4844441444414444 ,645 11444444 44’[ 4444444 44414- ,
41444441044444414 44444444 44441144· 4648,
4444441414 337777777 44445144 647
4144441 4444144444 767 P0777777fi7e 51444444 444114-
4144411444444444444764 44444
414441444οῌ444. 7651444444

 

