INDEX

1999199919 5569111999999519919 556
6919991199 adhibendam 6999991999 ,526
1999199999 99991999 69 69979999 225
1999 9199991999 53 6999 999 , 965
69199999 19119999 vert 99 691199191919191. ’,1)999

999199911999191919- 9199919. 94418466
-919999 9999 ’999919 49 699919999919919999
69199999919786999999 459
G77l7'77 99119 664 6919919999 91919 99999 .
6911999919 891999 919 999 79919 91999 185
664 6777 9119, 1999999 119199-
6919 185 919119 719, ·
69 911999911999999191 67777'7777 455
77'7 . 57 619911419191919999191
6919991919 979 99999 fidel7s 1919919999
6919991199119991 9 490
6911999999 9999991991 6949919119 806
19991 273 699911999159999919 764.
6911999991 1-99 856 774 ,
6911999999 9199199919419 6999999999 ss 543
691999999195999199999999 6999991999 6999999919 99· =
9999999199999919999 999 ,49 2
,975 6999999199 099199 Caroli
6911999991 999 1919199911 V 777 6911999999 451
9999199199 , 273 69999Ρ99999995919195119
6999999999999919999 49911598
99999 1149911991 919919- G7' 99999919991199996 ,
1199999991199999974- 579 >
69199999919991999 619999 , 509
9999999999 ψ974 6199191999 . 599
69111999 666 6199919919 99 601
994 6199

 

